TRB:0.33000000000000007
ecs:1.1600000000000001
ecs:2.33
TRB:2.74
ECS:6.76
ECS:9.07
OOO:500
OOO:500
OOO:500
OOO:500
OOO:500
OOO:500
OOO:500
OOO:500
OOO:500
OOO:500
