ecs:0.11999999999999922
TRB:0.33000000000000007
ecs:0.41000000000000014
sap:0.8900000000000006
ecs:0.9299999999999997
ecs:1.1600000000000001
ecs:2.33
TRB:2.74
ECS:6.76
ECS:9.07
OOO:500
OOO:500
OOO:500
OOO:500
OOO:500
OOO:500
OOO:500
OOO:500
OOO:500
OOO:500
