KSC:0.019999999999999574
ECS:0.02999999999999936
ecs:0.11999999999999922
rep:0.28999999999999915
TRB:0.33000000000000007
ecs:0.41000000000000014
pog:0.47000000000000064
MAD:0.6999999999999993
sap:0.8900000000000006
ecs:0.9299999999999997
ecs:1.1600000000000001
ecs:2.33
TRB:2.74
