ecs:0.009999999999999787
ecs:0.02999999999999936
ecs:0.13
ecs:0.16000000000000014
ecs:0.17000000000000004
ecs:0.18999999999999995
REP:0.1900000000000004
ecs:0.20999999999999996
ecs:0.22999999999999998
ecs:0.25
poo:0.3600000000000003
ecs:0.37
ECS:0.43000000000000016
ecs:0.4400000000000004
ecs:0.5700000000000003
